promotion_level,equipment_enhance_level,needed_point,total_point
2,1,20,20
3,1,30,30
3,2,50,80
3,3,80,160
4,1,60,60
4,2,100,160
4,3,180,340
4,4,360,700
4,5,500,1200
5,1,100,100
5,2,160,260
5,3,280,540
5,4,480,1020
5,5,780,1800
